[[180,   0,   1,   1,   1,   0,   0,   0,   0,   2,   0,   0,   0,   1,
    2,   0,   0,   0,   1,   2,   0,   0,   0,   0,   0,   1,   0,   0,
    1,   0,   0,   0,   0,   0,   0,   0,   0,   0,   0,   0],
 [149,   0,   0,   0,   1,   0,   0,   0,   1,   0,   1,   0,   0,   1,
    0,   0,   0,   0,   0,   2,   0,   0,   0,   0,   0,   0,   1,   1,
    0,   0,   0,   0,   0,   0,   0,   0,   0,   2,   0,   0],
 [144,   0,   0,   0,   2,   0,   0,   0,   2,   0,   1,   0,   0,   0,
    1,   0,   0,   0,   0,   4,   0,   0,   0,   1,   0,   0,   0,   0,
    0,   0,   1,   0,   0,   0,   0,   1,   1,   1,   0,   0],
 [165,   0,   0,   0,   3,   0,   0,   0,   3,   5,   0,   0,   1,   0,
    0,   0,   1,   0,   0,   2,   0,   0,   0,   0,   0,   2,   0,   0,
    0,   0,   0,   0,   0,   0,   1,   1,   0,   0,   0,   0],
 [ 76,   0,   0,   0,   1,   0,   0,   0,   1,   0,   2,   0,   0,   1,
    0,   0,   0,   0,   0,   1,   0,   0,   0,   0,   0,   0,   0,   0,
    1,   0,   0,   0,   0,   1,   0,   0,   0,   0,   0,   1],
 [ 98,   0,   0,   1,   0,   0,   0,   1,   0,   0,   0,   0,   0,   0,
    0,   0,   1,   0,   0,   1,   0,   0,   0,   0,   0,   0,   0,   1,
    0,   0,   0,   0,   0,   0,   0,   0,   0,   0,   0,   0],
 [107,   0,   0,   0,   2,   0,   0,   0,   0,   0,   0,   0,   1,   1,
    0,   0,   0,   0,   0,   0,   0,   0,   0,   0,   0,   0,   0,   0,
    0,   0,   0,   0,   2,   0,   0,   0,   0,   1,   0,   0],
 [ 95,   0,   0,   0,   3,   0,   0,   0,   0,   1,   0,   0,   0,   0,
    0,   0,   1,   0,   0,   0,   0,   0,   0,   2,   0,   0,   0,   0,
    0,   0,   0,   0,   0,   0,   0,   0,   0,   0,   0,   0],
 [185,   0,   0,   0,   4,   0,   0,   0,   1,   0,   0,   0,   0,   1,
    0,   0,   1,   0,   0,   1,   0,   0,   1,   0,   0,   0,   0,   0,
    1,   0,   0,   0,   0,   0,   0,   0,   0,   1,   0,   0],
 [162,   0,   0,   0,   2,   0,   1,   0,   3,   2,   0,   0,   0,   0,
    1,   0,   1,   0,   0,   0,   0,   0,   0,   0,   0,   0,   0,   0,
    0,   0,   0,   0,   0,   0,   0,   0,   1,   0,   0,   0],
 [120,   1,   1,   0,   0,   0,   0,   1,   2,   0,   0,   0,   0,   0,
    0,   0,   0,   0,   0,   2,   0,   0,   0,   0,   0,   0,   0,   0,
    0,   0,   0,   0,   0,   0,   1,   0,   0,   0,   0,   0],
 [ 93,   0,   0,   0,   1,   0,   0,   0,   0,   0,   0,   0,   2,   0,
    0,   0,   1,   0,   0,   2,   0,   0,   0,   0,   0,   0,   0,   1,
    0,   0,   0,   0,   0,   0,   0,   0,   0,   0,   0,   0],
 [ 84,   0,   0,   0,   2,   0,   0,   0,   1,   0,   0,   0,   1,   0,
    0,   0,   0,   1,   0,   1,   0,   0,   0,   0,   0,   0,   1,   0,
    0,   0,   0,   0,   1,   0,   0,   0,   0,   0,   1,   0],
 [146,   0,   0,   0,   1,   0,   0,   0,   1,   1,   0,   0,   0,   0,
    0,   0,   0,   0,   0,   0,   0,   0,   0,   0,   0,   0,   0,   0,
    0,   0,   0,   0,   1,   1,   0,   0,   3,   2,   0,   0],
 [128,   0,   0,   0,   3,   0,   1,   0,   3,   2,   1,   0,   0,   0,
    1,   0,   0,   0,   0,   0,   0,   0,   1,   0,   0,   0,   0,   0,
    1,   0,   0,   0,   1,   2,   0,   1,   1,   0,   0,   0],
 [140,   0,   1,   0,   3,   1,   0,   0,   2,   1,   0,   0,   0,   0,
    1,   0,   2,   0,   0,   1,   0,   0,   0,   1,   0,   1,   0,   1,
    0,   0,   0,   0,   0,   0,   1,   1,   1,   2,   0,   0],
 [143,   0,   0,   0,   0,   1,   0,   0,   1,   2,   0,   0,   0,   1,
    1,   0,   1,   0,   0,   0,   0,   0,   0,   0,   0,   1,   0,   0,
    0,   0,   0,   0,   0,   0,   0,   0,   0,   0,   0,   0],
 [183,   0,   0,   1,   2,   0,   1,   0,   0,   1,   0,   0,   1,   0,
    0,   0,   0,   1,   0,   0,   0,   0,   0,   0,   0,   0,   0,   0,
    0,   1,   0,   1,   0,   0,   0,   0,   0,   0,   0,   0],
 [184,   0,   0,   1,   1,   0,   1,   0,   0,   0,   1,   0,   0,   1,
    0,   0,   0,   0,   0,   0,   0,   1,   0,   2,   0,   0,   0,   1,
    0,   0,   0,   0,   0,   1,   0,   1,   0,   0,   0,   0],
 [178,   0,   0,   0,   2,   0,   0,   0,   2,   1,   1,   0,   0,   0,
    1,   1,   1,   0,   0,   0,   0,   0,   0,   0,   0,   1,   0,   0,
    0,   0,   0,   0,   0,   0,   0,   0,   1,   0,   0,   0],
 [ 79,   0,   0,   0,   1,   0,   0,   0,   0,   0,   0,   0,   0,   0,
    0,   0,   0,   0,   0,   0,   0,   0,   0,   0,   0,   0,   0,   0,
    0,   0,   0,   0,   0,   0,   0,   0,   0,   2,   0,   0],
 [ 77,   0,   1,   0,   2,   0,   1,   0,   0,   0,   0,   0,   0,   0,
    0,   0,   0,   0,   0,   1,   0,   0,   0,   0,   0,   0,   0,   0,
    0,   0,   0,   1,   0,   0,   0,   0,   0,   0,   0,   0],
 [ 94,   0,   1,   0,   1,   0,   0,   0,   0,   1,   0,   0,   0,   0,
    0,   0,   0,   0,   0,   0,   0,   0,   0,   0,   0,   0,   0,   0,
    0,   0,   1,   0,   1,   1,   0,   0,   0,   0,   0,   0],
 [175,   0,   1,   0,   2,   1,   1,   0,   1,   1,   0,   0,   0,   0,
    1,   0,   0,   1,   1,   0,   0,   0,   0,   1,   0,   0,   1,   0,
    0,   2,   0,   0,   0,   0,   0,   2,   2,   2,   0,   0],
 [104,   0,   0,   0,   1,   1,   0,   1,   0,   1,   0,   0,   0,   0,
    0,   0,   0,   1,   0,   0,   0,   0,   0,   0,   0,   0,   0,   0,
    0,   0,   0,   0,   1,   0,   0,   0,   0,   0,   0,   0],
 [ 91,   0,   0,   1,   3,   0,   0,   1,   0,   0,   0,   0,   0,   0,
    1,   0,   0,   0,   0,   0,   0,   0,   0,   0,   0,   0,   0,   0,
    0,   0,   0,   0,   0,   0,   0,   1,   0,   0,   0,   1],
 [126,   0,   0,   0,   4,   0,   0,   0,   1,   2,   0,   0,   0,   0,
    0,   0,   1,   0,   0,   0,   0,   0,   0,   0,   0,   0,   0,   0,
    0,   0,   0,   0,   0,   0,   0,   1,   0,   0,   0,   0],
 [135,   0,   0,   0,   0,   0,   0,   0,   1,   4,   0,   0,   0,   0,
    1,   0,   0,   0,   0,   0,   0,   0,   0,   0,   0,   0,   0,   0,
    0,   0,   0,   0,   0,   0,   0,   0,   0,   0,   0,   0],
 [ 93,   0,   0,   0,   1,   0,   0,   1,   0,   1,   0,   0,   0,   0,
    0,   0,   0,   0,   0,   0,   0,   0,   0,   0,   0,   0,   0,   0,
    0,   0,   0,   0,   0,   1,   0,   0,   0,   0,   0,   0],
 [ 95,   0,   0,   0,   1,   0,   0,   0,   1,   1,   1,   0,   0,   0,
    0,   1,   0,   0,   0,   0,   0,   0,   0,   0,   0,   0,   0,   0,
    1,   1,   0,   0,   0,   0,   0,   1,   0,   0,   0,   0],
 [121,   0,   0,   0,   3,   0,   0,   0,   0,   0,   2,   0,   0,   0,
    0,   0,   1,   0,   0,   0,   0,   0,   1,   0,   0,   0,   0,   0,
    0,   1,   0,   0,   0,   0,   0,   0,   0,   1,   0,   0],
 [133,   0,   0,   0,   1,   0,   0,   0,   1,   2,   0,   0,   0,   0,
    1,   0,   1,   0,   0,   2,   1,   0,   0,   0,   0,   0,   0,   0,
    0,   0,   1,   0,   2,   0,   0,   0,   0,   0,   0,   0],
 [ 83,   0,   0,   0,   1,   1,   0,   0,   1,   0,   0,   0,   0,   1,
    0,   0,   0,   0,   0,   0,   0,   0,   0,   1,   0,   0,   1,   0,
    0,   0,   0,   0,   1,   1,   0,   0,   0,   0,   0,   0],
 [177,   0,   0,   1,   1,   0,   0,   1,   0,   1,   2,   0,   0,   0,
    0,   0,   0,   1,   0,   1,   0,   0,   0,   1,   0,   0,   0,   0,
    0,   0,   1,   0,   0,   0,   0,   0,   0,   0,   0,   0],
 [174,   0,   0,   1,   5,   0,   0,   0,   1,   1,   0,   0,   0,   0,
    0,   0,   0,   0,   0,   0,   0,   0,   0,   0,   0,   2,   0,   0,
    0,   0,   0,   1,   3,   0,   0,   0,   0,   0,   0,   0],
 [185,   0,   0,   0,   1,   0,   0,   0,   0,   2,   0,   0,   0,   0,
    0,   1,   1,   0,   0,   0,   0,   0,   0,   0,   0,   0,   0,   0,
    0,   0,   1,   0,   0,   0,   0,   0,   0,   1,   0,   1],
 [102,   0,   0,   0,   1,   1,   0,   0,   2,   0,   1,   1,   0,   0,
    1,   0,   0,   0,   0,   0,   0,   0,   0,   1,   0,   1,   0,   0,
    0,   0,   0,   0,   0,   0,   0,   0,   0,   1,   0,   0],
 [103,   1,   1,   1,   1,   2,   0,   0,   2,   3,   0,   0,   0,   0,
    0,   1,   0,   0,   0,   0,   0,   0,   1,   1,   0,   0,   0,   0,
    0,   1,   0,   1,   1,   0,   0,   3,   0,   0,   0,   0],
 [ 83,   0,   0,   0,   0,   1,   0,   0,   1,   0,   0,   1,   0,   0,
    0,   0,   0,   0,   0,   0,   0,   0,   1,   0,   0,   0,   0,   0,
    0,   0,   0,   0,   0,   0,   0,   0,   0,   0,   0,   2],
 [143,   0,   1,   0,   0,   0,   0,   0,   1,   0,   0,   0,   0,   0,
    1,   0,   0,   0,   0,   1,   0,   0,   0,   0,   0,   0,   0,   0,
    1,   0,   0,   0,   1,   2,   0,   0,   0,   0,   0,   0]]